0.949729
0.831999
0.773067
0.738937
0.71291
0.713021
0.702707
0.694859
0.702976
0.703236
0.711076
0.714156
0.714499
0.707621
0.703576
0.713738
0.69522
0.687064
0.67385
0.666117
0.659734
0.65395
0.65585
0.645806
0.639718
0.636325
0.627379
0.632357
0.618921
0.607039
0.598957
0.584612
0.582871
0.585619
0.592375
0.587395
0.572458
0.57482
0.575839
0.588952
0.574599
0.564278
0.580279
0.568208
0.563027
0.566809
0.521415
0.529045
0.530297
0.511638
0.505653
0.495843
0.506359
0.503386
0.499567
0.504582
0.495107
0.499229
0.503018
0.50553
0.491363
0.498385
0.503984
0.486843
0.483959
0.479237
0.47647
0.480402
0.481003
0.472659
0.48197
0.477184
0.470269
0.454058
0.457926
0.452325
0.446487
0.445945
0.441905
0.450787
0.443406
0.433011
0.43107
0.429642
0.431405
0.434134
0.427117
0.436044
0.434944
0.4271
0.433715
0.414518
0.412008
0.418335
0.427409
0.417478
0.414823
0.431723
0.427906
0.412975
0.418973
0.415253
0.414251
0.419784
0.422068
0.411281
0.422224
0.408829
0.429373
0.416008
0.41215
0.403906
0.409023
0.40622
0.409605
0.411509
0.408272
0.402511
0.404994
0.405044
0.407113
0.415424
0.404873
0.397077
0.407636
0.395449
0.392428
0.393367
0.394946
0.392214
0.397223
0.391844
0.394011
0.392218
0.392894
0.394907
0.39495
0.396739
0.393801
0.391214
0.392431
0.391492
0.391865
0.387769
0.3901
0.387642
0.386637
0.389837
0.392747
0.385882
0.385181
0.388821
0.384339
0.389858
0.394237
0.3899
0.39773
0.389127
0.385758
0.389871
0.398342
0.386231
0.389688
0.389273
0.389934
0.391806
0.387152
0.398003
0.388715
0.389426
0.386175
0.391876
0.38713
0.385791
0.391803
0.387831
0.388884
0.386112
0.379685
0.381941
0.385983
0.38901
0.384002
0.391971
0.383689
0.381495
0.39026
0.395981
0.390344
0.388203
0.387097
0.389485
0.390027
0.385972
0.386221
0.39197
0.394462
0.394368
0.391724
0.385924
0.387433
0.390099
0.393028
0.388836
0.392522
0.390828
0.389205
0.387958
0.392295
0.38941
0.392197
0.388093
0.389707
0.380424
0.386038
0.390207
0.384714
0.389227
0.389213
0.383386
0.388965
0.384409
0.382633
0.379887
0.381061
0.378926
0.38158
0.383753
0.37879
0.378791
0.3795
0.377072
0.376737
0.37836
0.377729
0.376369
0.37748
0.37473
0.378525
0.379827
0.377258
0.37699
0.374096
0.377628
0.374713
0.374036
0.375176
0.373306
0.374666
0.374947
0.373681
0.372965
0.373792
0.373276
0.370731
0.369988
0.371734
0.370782
0.370353
0.370372
0.370079
0.370989
0.368682
0.370391
0.369166
0.368185
0.371901
0.371442
0.368696
0.368447
0.369569
0.374078
0.367713
0.367555
0.369709
0.367663
0.368159
0.368942
0.369553
0.368062
0.368511
0.367453
0.36874
0.372238
0.367899
0.369573
0.368543
0.367327
0.366747
0.367424
0.367561
0.367407
0.367328
0.365424
0.365702
0.365724
0.362887
0.364499
0.364356
0.365278
0.364774
0.365235
0.364841
0.368473
0.369516
0.366507
0.366107
0.364975
0.364416
0.361933
0.365279
0.364261
0.364282
0.363205
0.364677
0.364855
0.362958
0.365253
0.36574
0.367459
0.367134
0.364159
0.361973
0.361839
0.362698
0.364849
0.366483
0.364838
0.361719
0.364324
0.36079
0.362627
0.36442
0.363331
0.361462
0.363954
0.36334
0.362234
0.363546
0.366444
0.363669
0.361623
0.360145
0.36321
0.36201
0.362025
0.362946
0.358097
0.358514
0.361742
0.360031
0.358907
0.361412
0.361434
0.362708
0.360912
0.358292
0.359789
0.359822
0.360797
0.36104
0.36081
0.359696
0.361353
0.359682
0.360391
0.360355
0.359994
0.36002
0.361133
0.35765
0.358803
0.359485
0.359497
0.361705
0.36109
0.362145
0.359999
0.358973
0.361567
0.360613
0.36238
0.361708
0.360833
0.359835
0.358729
0.360332
0.35882
0.35877
0.360575
0.361586
0.359397
0.356763
0.360199
0.359232
0.364487
0.358085
0.359927
0.359981
0.363346
0.359197
0.358909
0.359364
0.3609
0.361064
0.361671
0.361477
0.360903
0.35917
0.358391
0.358764
0.358261
0.360669
0.362496
0.35921
0.35967
0.360308
0.358614
0.360292
0.359474
0.360409
0.358872
0.359345
0.358064
0.357567
0.360718
0.359763
0.357169
0.358688
0.357831
0.359942
0.35929
0.35865
0.360451
0.359621
0.359207
0.359681
0.357197
0.359746
0.357434
0.357765
0.356569
0.358532
0.35887
0.358242
0.356975
0.359338
0.358499
0.355202
0.355668
0.355089
0.353735
0.355481
0.355532
0.356745
0.355102
0.357659
0.355924
0.357093
0.356607
0.357132
0.355876
0.359005
0.354939
0.356807
0.354127
0.354385
0.355856
0.354429
0.357223
0.356365
0.354622
0.356115
0.356247
0.355889
0.355062
0.357136
0.355952
0.353347
0.354978
0.355881
0.356427
0.355501
0.353482
0.353684
0.353514
0.354044
0.353928
0.356312
0.355054
0.35517
0.353675
0.354856
0.353222
0.35317
0.354862
0.353715
0.352415
0.353282
0.351803
0.355352
0.35576
0.354934
0.354791
0.354465
0.354855
0.354048
0.354808
0.352957
0.353629
0.352755
0.35357
0.354194
0.352295
0.352953
0.354134
0.356334
0.353564
0.35251
0.355036
0.35211
0.355365
0.356093
0.354394
0.353838
0.352337
0.353421
0.352289
0.351614
0.351298
0.35304
0.352764
0.350984
0.350434
0.352581
0.352763
0.352747
0.353676
0.354572
0.350012
0.349357
0.351677
0.349775
0.352012
0.349321
0.352139
0.350195
0.35146
0.350345
0.350348
0.351085
0.3518
0.352149
0.352961
0.352633
0.35191
0.350308
0.348636
0.348411
0.348764
0.351113
0.351628
0.352398
0.349613
0.350468
0.34893
0.350118
0.351441
0.350598
0.351985
0.34948
0.350792
0.348609
0.349961
0.350003
0.348941
0.350884
0.348621
0.350305
0.349026
0.350514
0.349506
0.349853
0.34945
0.3502
0.347725
0.347777
0.348186
0.348826
0.349489
0.347811
0.348311
0.348296
0.349158
0.346404
0.347124
0.350506
0.346987
0.34851
0.347776
0.348101
0.355708
0.349144
0.345888
0.346412
0.345908
0.346988
0.347078
0.345982
0.346851
0.345991
0.346896
0.347072
0.3475
0.347085
0.348759
0.348809
0.346145
0.346187
0.347013
0.347242
0.347134
0.345888
0.347009
0.350412
0.346531
0.347882
0.3475
0.347619
0.348177
0.34524
0.345912
0.346632
0.345077
0.347251
0.347143
0.345862
0.347477
0.346785
0.346434
0.346237
0.345452
0.346244
0.346744
0.347034
0.348313
0.346585
0.34888
0.34681
0.346306
0.346002
0.346837
0.346754
0.346212
0.345468
0.344525
0.347097
0.344996
0.344782
0.34638
0.346863
0.345087
0.344419
0.346408
0.346586
0.346707
0.344792
0.344884
0.347157
0.347708
0.345251
0.346191
0.347016
0.345697
0.346504
0.348334
0.347344
0.347545
0.346032
0.345129
0.344231
0.345013
0.344332
0.34595
0.345197
0.364969
0.345179
0.34596
0.344017
0.347012
0.344954
0.345299
0.343929
0.343731
0.343069
0.345809
0.345432
0.346926
0.345241
0.346075
0.345844
0.345273
0.344042
0.345006
0.345942
0.348148
0.346679
0.34582
0.347019
0.347065
0.34765
0.345015
0.346617
0.345373
0.347771
0.34634
0.346039
0.345965
0.345319
0.346585
0.345639
0.345887
0.344385
0.345952
0.345236
0.347711
0.346068
0.342331
0.344166
0.345152
0.345109
0.344077
0.344711
0.345083
0.344203
0.346758
0.344263
0.344028
0.344164
0.344429
0.344689
0.347078
0.343728
0.345084
0.342955
0.345709
0.343205
0.344437
0.343365
0.342569
0.343945
0.344727
0.344658
0.345053
0.344905
0.344382
0.344748
0.343855
0.343586
0.345569
0.342864
0.344879
0.345135
0.34271
0.343999
0.343776
0.343566
0.345066
0.343895
0.344112
0.344461
0.342116
0.344881
0.344059
0.342506
0.343795
0.34493
0.343465
0.341851
0.343052
0.342883
0.343465
0.344426
0.343128
0.342851
0.344468
0.343284
0.344025
0.344159
0.341931
0.343613
0.343645
0.343775
0.342982
0.341345
0.342343
0.342459
0.34057
0.342036
0.342178
0.342831
0.341241
0.342604
0.341756
0.341217
0.34202
0.342634
0.343819
0.343013
0.341821
0.344755
0.342419
0.343857
0.34265
0.341775
0.342765
0.342856
0.344024
0.340434
0.341561
0.342709
0.343246
0.344946
0.342407
0.343527
0.346296
0.344244
0.344137
0.342631
0.3443
0.343709
0.343076
0.343613
0.344032
0.344507
0.343176
0.34383
0.342736
0.345053
0.346311
0.342271
0.345888
0.343556
0.345604
0.346839
0.348537
0.345873
0.343774
0.344154
0.344186
0.345183
0.342646
0.344977
0.343624
0.346969
0.342811
0.345742
0.346301
0.345249
0.344841
0.344077
0.342666
0.343528
0.345902
0.349403
0.345652
0.345195
0.346705
0.343217
0.344035
0.343917
0.345722
0.346149
0.345137
0.344939
0.343164
0.345301
0.34493
0.345525
0.345083
0.34148
0.343692
0.344563
0.344063
0.344017
0.343275
0.34347
0.344173
0.34515
0.342982
0.347092
0.343649
0.342075
0.342837
0.342898
0.344126
0.343735
0.344461
0.345317
0.345927
0.344532
0.344144
0.344466
0.343833
0.343556
0.345692
0.342626
0.342769
0.342325
0.346713
0.344195
0.343854
0.34479
0.343596
0.346553
0.344844
0.343361
0.343521
0.343472
0.34325
0.345701
0.344522
0.343757
0.345292
0.342905
0.345218
0.343654
0.347486
0.349196
0.347386
0.34534
0.345242
0.34204
0.341597
0.344098
0.341554
0.344688
0.343207
0.344379
0.344397
0.343411
0.343844
0.344428
0.344597
0.345265
0.346896
0.341751
0.345294
0.342914
0.345206
0.348837
0.346213
0.347539
0.349649
0.346243
0.343271
0.342497
0.342621
0.342781
0.343477
0.343099
0.343544
0.341948
0.344789
0.345413
0.345975
0.344308
0.34513
0.344297
0.342703
0.343095
0.340467
0.342242
0.34185
0.344021
0.344219
0.343041
0.345022
0.342264
0.340858
0.344078
0.343066
0.344482
0.343756
0.344883
0.345628
0.345813
0.345114
0.343971
0.344049
0.343789
0.344335
0.343291
0.343563
0.350999
0.342555
0.34394
0.343107
0.344327
0.342419
0.342133
0.341077
0.342751
0.343677
0.342646
0.34268
0.343939
0.340977
0.3426
0.340854
0.34279
0.342328
0.341991
0.342941
0.342334
0.34259
0.340795
0.34376
0.340915
0.340538
0.343409
0.338948
0.342143
0.344226
0.340859
