1.22668
1.0724
1.00006
0.960573
0.933363
0.933439
0.921742
0.913338
0.923081
0.923977
0.9351
0.93971
0.940883
0.930246
0.924266
0.932246
0.910695
0.900725
0.883698
0.873449
0.865478
0.857904
0.858717
0.846401
0.837926
0.834049
0.82059
0.825608
0.806711
0.791292
0.781356
0.76119
0.758103
0.761765
0.768021
0.761254
0.740059
0.740697
0.740415
0.750562
0.735026
0.722493
0.737028
0.722572
0.716402
0.720397
0.67071
0.67951
0.678396
0.660368
0.655631
0.643992
0.656553
0.653426
0.647868
0.652827
0.643749
0.647003
0.651168
0.651468
0.638474
0.644792
0.650089
0.631097
0.627522
0.625445
0.620317
0.625289
0.626633
0.617601
0.624841
0.621151
0.614728
0.597789
0.600364
0.594385
0.588254
0.58719
0.582186
0.591835
0.583031
0.571953
0.570179
0.568683
0.569773
0.573686
0.564628
0.574096
0.574118
0.564698
0.572882
0.550356
0.547589
0.554926
0.566183
0.55428
0.550528
0.568829
0.56367
0.54782
0.55355
0.550541
0.549472
0.55531
0.557247
0.546061
0.558298
0.542161
0.566021
0.550189
0.547319
0.536309
0.542146
0.539725
0.544491
0.544972
0.541403
0.534543
0.538247
0.538315
0.539963
0.549203
0.539042
0.528503
0.542868
0.527103
0.524692
0.52523
0.527035
0.523561
0.528621
0.521298
0.521807
0.522325
0.52515
0.526221
0.524589
0.527547
0.524853
0.521393
0.525789
0.523237
0.523248
0.51785
0.519362
0.516698
0.516675
0.521472
0.524023
0.515374
0.514408
0.519818
0.514526
0.519115
0.523438
0.519934
0.528055
0.518397
0.513504
0.521284
0.529858
0.515637
0.521686
0.521636
0.519872
0.523031
0.517394
0.527923
0.518727
0.520817
0.514897
0.522801
0.516268
0.515209
0.52232
0.516587
0.520288
0.515675
0.51026
0.510725
0.513805
0.519026
0.515164
0.520633
0.51013
0.50806
0.52069
0.524482
0.518084
0.516073
0.514916
0.516123
0.516821
0.513595
0.514433
0.518776
0.520847
0.522522
0.519041
0.514873
0.515151
0.517947
0.520788
0.516862
0.522811
0.519072
0.517265
0.516136
0.522239
0.517182
0.520137
0.516206
0.518098
0.506792
0.514683
0.518604
0.511813
0.51697
0.517269
0.510232
0.515202
0.510761
0.509467
0.504959
0.508174
0.505034
0.508557
0.511205
0.505662
0.505277
0.506024
0.502802
0.503728
0.504336
0.503589
0.501631
0.504211
0.500553
0.505932
0.505844
0.504336
0.503253
0.500564
0.504277
0.499676
0.498616
0.502971
0.498742
0.501526
0.500069
0.498172
0.497991
0.497679
0.498663
0.494993
0.494076
0.495442
0.495776
0.494881
0.493784
0.494343
0.493141
0.492049
0.492297
0.491733
0.491673
0.496147
0.494175
0.491514
0.492401
0.492162
0.498768
0.490482
0.489504
0.4933
0.49073
0.490361
0.491291
0.49121
0.489241
0.49029
0.489317
0.490494
0.495127
0.489473
0.492725
0.491486
0.489973
0.489199
0.490088
0.489007
0.489098
0.488953
0.486097
0.486849
0.486416
0.483444
0.485017
0.484963
0.486037
0.48502
0.485877
0.484158
0.489968
0.491261
0.486915
0.487492
0.486331
0.484938
0.481546
0.485982
0.482786
0.483971
0.483703
0.485369
0.486619
0.484596
0.486886
0.487853
0.489345
0.489642
0.486496
0.481553
0.481775
0.483252
0.486228
0.487075
0.48751
0.481934
0.485929
0.481481
0.483768
0.485022
0.484685
0.481763
0.483977
0.484466
0.481828
0.483332
0.487256
0.483725
0.481742
0.47887
0.484243
0.487224
0.482546
0.48587
0.477527
0.478233
0.483395
0.482095
0.480262
0.484395
0.484682
0.489975
0.481251
0.476464
0.481291
0.481659
0.484558
0.483572
0.482674
0.480563
0.485386
0.481115
0.483254
0.484086
0.483067
0.482741
0.485056
0.477385
0.479685
0.482319
0.481439
0.486594
0.483194
0.483712
0.481573
0.480176
0.485268
0.483076
0.486645
0.485071
0.483277
0.483176
0.480123
0.481329
0.479059
0.478676
0.48018
0.48207
0.479135
0.474087
0.479166
0.477354
0.483646
0.475204
0.478821
0.478659
0.483456
0.477723
0.478421
0.479277
0.47995
0.480353
0.483448
0.483854
0.481958
0.480083
0.476199
0.477962
0.476953
0.480081
0.482344
0.476971
0.478118
0.480038
0.476749
0.479741
0.479572
0.478947
0.47616
0.477631
0.476214
0.47435
0.478888
0.478902
0.47484
0.477319
0.475208
0.478188
0.476853
0.475545
0.481655
0.478458
0.475876
0.477558
0.474184
0.478279
0.473842
0.474254
0.47193
0.47348
0.476709
0.474254
0.472378
0.475547
0.475288
0.470402
0.470661
0.469942
0.46886
0.470695
0.470093
0.472727
0.469993
0.473013
0.471091
0.472605
0.471287
0.471582
0.470159
0.47398
0.468112
0.470712
0.467935
0.46833
0.469434
0.468249
0.471203
0.470358
0.4683
0.471048
0.470785
0.470805
0.47002
0.471557
0.469328
0.466226
0.469066
0.469366
0.470668
0.470688
0.466889
0.467387
0.466867
0.466855
0.466641
0.471298
0.467842
0.468619
0.467128
0.468863
0.466225
0.466522
0.467963
0.467551
0.466241
0.465762
0.465095
0.46888
0.469681
0.470375
0.468522
0.467273
0.468331
0.466871
0.468863
0.465677
0.46703
0.464729
0.466494
0.467473
0.465246
0.465765
0.46747
0.469864
0.467568
0.465956
0.468782
0.465138
0.468323
0.470484
0.467581
0.467304
0.465879
0.467845
0.465825
0.464908
0.46404
0.466342
0.467226
0.463646
0.463429
0.466135
0.466644
0.467093
0.46771
0.467924
0.463055
0.462738
0.465914
0.462495
0.465081
0.46227
0.465885
0.463256
0.46443
0.464479
0.463519
0.464039
0.464538
0.465471
0.466779
0.466436
0.465306
0.462079
0.461048
0.46097
0.461684
0.46526
0.465776
0.466634
0.463163
0.46395
0.462309
0.463022
0.465467
0.463368
0.465412
0.464021
0.464524
0.461502
0.463969
0.463064
0.462012
0.46434
0.461189
0.462946
0.460654
0.462796
0.462123
0.463114
0.462566
0.462375
0.460069
0.460927
0.460693
0.461046
0.461657
0.460139
0.460012
0.461127
0.461277
0.45792
0.457649
0.462446
0.458892
0.460832
0.459938
0.459752
0.469602
0.461888
0.458661
0.458163
0.457854
0.459681
0.459717
0.457599
0.458691
0.457904
0.459849
0.459004
0.460553
0.459993
0.462237
0.4618
0.458538
0.458401
0.459974
0.45992
0.459458
0.45844
0.459329
0.463271
0.459764
0.46041
0.460114
0.459292
0.461292
0.457642
0.45857
0.460023
0.456782
0.461234
0.459522
0.458179
0.459733
0.458656
0.458292
0.458532
0.457434
0.458449
0.45856
0.459024
0.460727
0.458076
0.461681
0.458351
0.458278
0.457939
0.458796
0.458594
0.458284
0.457318
0.456861
0.459636
0.45715
0.457369
0.458032
0.458446
0.456489
0.45642
0.459282
0.458792
0.458112
0.457131
0.456324
0.459315
0.459769
0.456922
0.457901
0.45774
0.456587
0.457115
0.459923
0.459196
0.459494
0.457212
0.455709
0.455701
0.456477
0.45546
0.456796
0.455941
0.478785
0.456348
0.457399
0.454763
0.458696
0.455644
0.455763
0.454324
0.453777
0.45302
0.456672
0.455838
0.458944
0.455791
0.457261
0.456895
0.456699
0.456495
0.455768
0.456211
0.459776
0.457516
0.457052
0.458361
0.459058
0.458902
0.456328
0.458085
0.456441
0.458103
0.457456
0.457104
0.458184
0.455622
0.457441
0.458145
0.457866
0.455736
0.456839
0.456695
0.460002
0.45849
0.454603
0.456844
0.457725
0.457447
0.456018
0.458426
0.458595
0.456139
0.458064
0.456637
0.454714
0.455047
0.456682
0.457921
0.45819
0.455984
0.456814
0.454004
0.457119
0.45471
0.456793
0.455268
0.455756
0.4571
0.459478
0.457294
0.457648
0.4576
0.455008
0.455995
0.454578
0.455434
0.458315
0.453906
0.454627
0.458979
0.452857
0.453962
0.454168
0.454842
0.45876
0.455266
0.4567
0.457842
0.454925
0.455947
0.459622
0.454347
0.454779
0.457705
0.454974
0.45379
0.457255
0.454861
0.455976
0.459668
0.456492
0.452334
0.457882
0.453768
0.460272
0.4578
0.451746
0.455468
0.456591
0.456208
0.454982
0.453146
0.453803
0.452815
0.450774
0.452756
0.450721
0.453487
0.451331
0.453893
0.451441
0.450239
0.452314
0.452309
0.454888
0.452778
0.451936
0.45698
0.452572
0.457983
0.453579
0.451612
0.453209
0.453728
0.454204
0.451126
0.451375
0.453345
0.453304
0.455807
0.451857
0.457087
0.462014
0.458806
0.457357
0.45752
0.459184
0.458427
0.453457
0.456033
0.455268
0.457874
0.45864
0.458326
0.4563
0.460543
0.462544
0.456249
0.462277
0.454401
0.460511
0.464192
0.463682
0.457221
0.457231
0.456836
0.457015
0.459338
0.453101
0.45903
0.458985
0.459617
0.454417
0.457977
0.459828
0.459104
0.45599
0.455995
0.453994
0.455164
0.458176
0.46152
0.461749
0.459697
0.460125
0.454018
0.454162
0.45476
0.456713
0.457097
0.458859
0.458158
0.455246
0.456747
0.456629
0.455923
0.454941
0.450882
0.453674
0.456482
0.453793
0.454348
0.453039
0.45401
0.453702
0.455128
0.45775
0.464181
0.458516
0.451679
0.453514
0.452531
0.454972
0.453606
0.455056
0.456639
0.459873
0.455638
0.456536
0.457094
0.455844
0.454536
0.458517
0.453278
0.452829
0.452344
0.458166
0.455327
0.454001
0.45455
0.454278
0.457507
0.455725
0.453249
0.454127
0.45436
0.454241
0.455172
0.45359
0.453039
0.4547
0.451492
0.454298
0.452234
0.456508
0.459367
0.458438
0.455862
0.455299
0.450677
0.451392
0.454015
0.450862
0.454625
0.454074
0.453627
0.454517
0.453212
0.453662
0.453843
0.455158
0.454889
0.456801
0.451415
0.455401
0.452821
0.455116
0.459542
0.456186
0.458079
0.460744
0.460525
0.452857
0.454024
0.451644
0.452766
0.453713
0.452937
0.454197
0.452549
0.454886
0.456827
0.457045
0.454373
0.455558
0.454525
0.452905
0.452383
0.451157
0.452545
0.451171
0.453816
0.454024
0.452919
0.45506
0.45194
0.44976
0.454516
0.453201
0.454759
0.454345
0.456122
0.456061
0.456355
0.456022
0.455372
0.454443
0.454117
0.455222
0.453219
0.453146
0.465298
0.454895
0.455224
0.454664
0.458506
0.455286
0.453494
0.452179
0.454392
0.455546
0.454502
0.453413
0.455671
0.452903
0.453138
0.451201
0.45374
0.45344
0.452066
0.45373
0.453156
0.451746
0.45197
0.454517
0.452007
0.450827
0.453996
0.448446
0.452045
0.455234
0.44976
