0.837939
0.65785
0.565382
0.548376
0.541184
0.515751
0.498794
0.487601
0.472847
0.456182
0.456106
0.455994
0.454731
0.431207
0.42138
0.415323
0.412503
0.402579
0.403751
0.39855
0.396588
0.385441
0.384828
0.377578
0.378649
0.37627
0.373031
0.368094
0.364304
0.364337
0.36213
0.359958
0.354951
0.360059
0.351421
0.356429
0.351429
0.353724
0.349506
0.344418
0.347282
0.34545
0.341565
0.347473
0.339616
0.33893
0.334701
0.340457
0.332464
0.331527
0.330606
0.328839
0.331309
0.325936
0.329449
0.329104
0.32539
0.331802
0.328302
0.328696
0.327551
0.338537
0.333249
0.331692
0.334405
0.33596
0.33212
0.325518
0.321586
0.321904
0.317451
0.32875
0.320349
0.318343
0.383107
0.350882
0.340434
0.331393
0.330176
0.33371
0.321076
0.320255
0.315406
0.31768
0.315399
0.311995
0.311915
0.308318
0.318527
0.312769
0.313959
0.312029
0.310287
0.31326
0.309074
0.310008
0.312939
0.313318
0.311249
0.312544
0.309724
0.31157
0.30921
0.306841
0.311639
0.308742
0.30735
0.310833
0.304672
0.305244
0.301031
0.305458
0.307733
0.308323
0.307261
0.308955
0.304987
0.304397
0.301814
0.298373
0.300712
0.301068
0.302539
0.297524
0.307168
0.335128
0.302049
0.296967
0.30501
0.304065
0.313332
0.304047
0.300225
0.304125
0.301219
0.301486
0.293911
0.297186
0.302323
0.299094
0.303891
0.304342
0.291961
0.290881
0.294392
0.298592
0.2916
0.290789
0.289485
0.288561
0.290309
0.290519
0.284863
0.288738
0.285916
0.289446
0.288623
0.287989
0.293804
0.288814
0.287621
0.28604
0.2816
0.279733
0.283176
0.288656
0.294617
0.287488
0.286263
0.283806
0.2817
0.279616
0.280291
0.279192
0.28356
0.283923
0.283339
0.28059
0.288663
0.281661
0.284276
0.285554
0.288478
0.277881
0.283657
0.285234
0.283458
0.28125
0.289956
0.286391
0.281908
0.289197
0.280485
0.298556
0.29301
0.297901
0.304011
0.453833
0.371239
0.341691
0.320842
0.30947
0.299393
0.294841
0.295441
0.293422
0.294557
0.288505
0.287035
0.285952
0.285863
0.284498
0.284182
0.280286
0.278324
0.278287
0.279864
0.28624
0.285553
0.282857
0.286294
0.289667
0.291113
0.290419
0.28925
0.294823
0.297059
0.297314
0.286678
0.303005
0.294645
0.305804
0.300311
0.298188
0.302219
0.310191
0.289292
0.31824
0.301064
0.29889
0.298668
0.289229
0.302745
0.692136
0.565074
0.500638
0.457103
0.417494
0.393042
0.377691
0.366808
0.356069
0.34454
0.331953
0.321099
0.313106
0.311025
0.309482
0.313895
0.312583
0.312586
0.318477
0.302304
0.300508
0.299411
0.297817
0.292224
0.388655
0.350128
0.337382
0.322306
0.315923
0.31268
0.306968
0.3035
0.298873
0.294524
0.29476
0.292657
0.291789
0.294179
0.28621
0.281138
0.280203
0.282761
0.277034
0.278688
0.274856
0.275196
0.273251
0.272332
0.268291
0.27199
0.271616
0.272721
0.270525
0.271511
0.272559
0.269236
0.279657
0.284435
0.270673
0.269503
0.275994
0.27232
0.271756
0.273008
0.268332
0.267107
0.264316
0.28137
0.283472
0.27189
0.267104
0.27804
0.284288
0.272201
0.277109
0.273879
0.277913
0.274981
0.273511
0.266994
0.270494
0.269498
0.273017
0.26991
0.281884
0.266678
0.261299
0.26802
0.256921
0.256124
0.261226
0.258502
0.262756
0.257921
0.256585
0.335911
0.288651
0.283686
0.292763
1.28052
1.20479
0.924823
0.840027
0.779762
0.737951
0.699306
0.664418
0.631018
0.60056
0.569389
0.534724
0.515826
0.490324
0.46992
0.452988
0.434913
0.426618
0.409573
0.401551
0.392233
0.38897
0.385464
0.392088
0.403718
0.412616
1.08963
0.944004
0.85111
0.778128
0.713772
0.666492
0.627212
0.598383
0.576314
0.555336
0.540039
0.522151
0.507907
0.49299
0.518835
0.495264
0.479992
0.461978
0.446727
0.435169
0.41969
0.411546
0.398908
0.394001
0.386839
0.391654
0.387285
0.375236
0.381828
0.386676
0.367517
0.365545
0.371746
0.360868
0.357353
0.353523
0.330639
0.34826
0.347035
0.321965
0.314619
0.318418
0.32518
0.311209
0.303611
0.307004
0.305928
0.519333
0.456634
0.432645
0.41498
0.401309
0.389237
0.381349
0.374515
0.365145
0.357574
0.353039
0.347933
0.342562
0.340826
0.335504
0.333459
0.327011
0.321623
0.321822
0.318487
0.323828
0.312996
0.306543
0.30493
0.305223
0.303864
0.303988
0.297229
0.295034
0.30167
0.291513
0.30007
0.294079
0.346471
0.283979
0.279663
0.275538
0.275861
0.271752
0.402669
0.364809
0.352259
0.337351
0.326797
0.317191
0.305856
0.298192
0.295515
0.292221
0.28991
0.286935
0.287901
0.283506
0.28152
0.277876
0.275919
0.271132
0.268328
0.26724
0.265218
0.260253
0.257696
0.256097
0.255479
0.25404
0.254739
0.25405
0.255153
0.251068
0.251114
0.253286
0.251344
0.24846
0.248462
0.243673
0.247865
0.246526
0.244686
0.242348
0.240867
0.243321
0.241644
0.242921
0.242643
0.241093
0.240077
0.238514
0.244308
0.240483
0.240754
0.240188
0.239669
0.241499
0.24308
0.24059
0.246468
0.236672
0.23901
0.24086
0.244191
0.246739
0.244954
0.246599
0.242236
0.238778
0.249205
0.243106
0.243362
0.24301
0.294847
0.266987
0.253076
0.261283
0.253355
0.254674
0.252269
0.237072
0.237249
0.236922
0.243274
0.240273
0.236696
0.238494
0.237203
0.240091
0.248202
0.24703
0.235475
0.240716
0.240386
0.235783
0.236793
0.240026
0.230184
0.232733
0.22874
0.231128
0.233209
0.242328
0.234836
0.236118
0.236389
0.229825
0.23214
0.232115
0.236165
0.237512
0.242079
0.230984
0.231372
0.229207
0.232515
0.23801
0.230879
0.232759
0.237752
0.233899
0.23112
0.229699
0.241879
0.225418
0.229246
0.235025
0.238624
0.244995
0.236857
0.243462
0.237876
0.241962
0.241736
0.237616
0.243268
0.24023
0.243368
0.242691
0.240754
0.23969
0.232198
0.237208
0.23681
0.242075
0.234944
0.231592
0.237675
0.229583
0.23237
0.236232
0.239271
0.243224
0.232013
0.237679
0.241173
0.237339
0.233194
0.233492
0.233788
0.230655
0.234497
0.237086
0.233057
0.23413
0.228117
0.238505
0.227072
0.227708
0.228216
0.235198
0.222091
0.225301
0.226308
0.225867
0.226688
0.224041
0.227245
0.225039
0.221329
0.226121
0.228327
0.226249
0.222895
0.224861
0.219296
0.229274
0.222893
0.221213
0.220632
0.218259
0.216577
0.21803
0.220876
0.216184
0.22498
0.226663
0.220973
0.222013
0.223531
0.218634
0.216934
0.217154
0.237471
0.221341
0.21738
0.219312
0.217385
0.218323
0.226203
0.221349
0.221309
0.22788
0.223298
0.223192
0.216184
