1.07654
0.859147
0.743625
0.721717
0.708687
0.673763
0.65321
0.640357
0.621364
0.600955
0.599239
0.597608
0.595775
0.565894
0.554791
0.547237
0.542681
0.531914
0.53075
0.522466
0.520089
0.507968
0.505952
0.499971
0.500058
0.497505
0.492755
0.487845
0.482692
0.482285
0.480492
0.477743
0.472762
0.478398
0.468329
0.474046
0.468784
0.469098
0.46534
0.461605
0.46297
0.460562
0.457342
0.463607
0.45463
0.450597
0.449251
0.455577
0.445781
0.44374
0.444211
0.440875
0.442985
0.437057
0.441567
0.440633
0.437752
0.445954
0.441637
0.443255
0.442675
0.455038
0.449313
0.445916
0.450642
0.451683
0.445994
0.437194
0.432807
0.432514
0.425009
0.440399
0.43052
0.427418
0.50978
0.467588
0.454161
0.442113
0.438539
0.442589
0.427955
0.427602
0.421387
0.424715
0.421677
0.417779
0.416077
0.413231
0.421202
0.416406
0.419305
0.416361
0.411441
0.417038
0.412971
0.41336
0.418626
0.418013
0.41416
0.418952
0.414994
0.416624
0.413857
0.411766
0.417456
0.413856
0.410222
0.41223
0.407289
0.406875
0.403199
0.408175
0.411377
0.411932
0.41068
0.410946
0.404549
0.40455
0.403136
0.397645
0.401656
0.401314
0.403102
0.396781
0.406223
0.437902
0.40164
0.395666
0.403008
0.400367
0.414681
0.401823
0.397964
0.39942
0.398528
0.396831
0.390342
0.392066
0.397598
0.394907
0.400482
0.399289
0.385852
0.384825
0.389492
0.391691
0.383723
0.384312
0.382527
0.381847
0.383739
0.38315
0.378235
0.38076
0.378221
0.382363
0.381938
0.381971
0.389309
0.382244
0.380672
0.379116
0.374316
0.373913
0.37723
0.384749
0.389585
0.383836
0.383072
0.378671
0.375922
0.373237
0.374268
0.373173
0.379654
0.380178
0.378904
0.375016
0.389979
0.375736
0.379272
0.378377
0.383776
0.372149
0.3766
0.379766
0.377263
0.377221
0.382203
0.382066
0.375626
0.38225
0.373231
0.390957
0.383681
0.389806
0.396273
0.604764
0.49069
0.452266
0.421477
0.40757
0.395734
0.389715
0.39096
0.389078
0.38969
0.38185
0.381125
0.380044
0.379903
0.37748
0.377592
0.371154
0.369448
0.36857
0.369469
0.37753
0.376184
0.374508
0.384463
0.383723
0.394746
0.38914
0.381495
0.396113
0.39102
0.404367
0.387298
0.396537
0.387008
0.399995
0.405448
0.39235
0.400394
0.40549
0.388506
0.415909
0.400614
0.392952
0.392466
0.381929
0.398385
0.9095
0.733094
0.651199
0.590066
0.542952
0.512157
0.493822
0.480003
0.467497
0.454588
0.439108
0.42639
0.416974
0.412784
0.410911
0.4138
0.41262
0.411571
0.417088
0.398916
0.395319
0.39464
0.391649
0.3859
0.509478
0.460786
0.443496
0.424767
0.41594
0.410875
0.404469
0.401097
0.397762
0.390211
0.391041
0.387537
0.385678
0.387486
0.37783
0.371243
0.369717
0.371968
0.366867
0.367981
0.362205
0.36204
0.360736
0.359095
0.35458
0.359094
0.359193
0.359974
0.356164
0.356639
0.35992
0.356256
0.365409
0.371088
0.355949
0.355989
0.362382
0.358288
0.358121
0.358777
0.352325
0.351298
0.348753
0.367729
0.370096
0.356963
0.352391
0.364556
0.368888
0.357608
0.361371
0.359142
0.363044
0.36094
0.358937
0.351354
0.356051
0.353155
0.355365
0.353955
0.367577
0.350544
0.343567
0.356473
0.339595
0.339273
0.343073
0.340581
0.346546
0.342786
0.340157
0.439962
0.380515
0.371955
1.36305
1.7066
1.60798
1.23028
1.10197
1.03548
0.977941
0.926917
0.876168
0.827309
0.789896
0.754374
0.712735
0.687127
0.656721
0.631911
0.612257
0.590384
0.579681
0.558253
0.548822
0.530166
0.526806
0.517841
0.525068
0.540174
0.549605
1.41938
1.23732
1.12609
1.03299
0.950666
0.89166
0.833257
0.79297
0.765042
0.736744
0.716138
0.695432
0.674754
0.655092
0.682291
0.654127
0.632415
0.608938
0.588169
0.572396
0.552272
0.542916
0.525742
0.517899
0.507693
0.511322
0.504434
0.489823
0.496989
0.500273
0.479646
0.474543
0.480062
0.469549
0.468141
0.462356
0.437487
0.455382
0.453028
0.423633
0.416287
0.420764
0.427033
0.409875
0.402402
0.405353
0.688657
0.695377
0.61239
0.57846
0.553819
0.534497
0.51826
0.507333
0.497859
0.485583
0.475769
0.469876
0.462892
0.45633
0.452966
0.446144
0.442557
0.435355
0.429815
0.428532
0.423721
0.430237
0.416451
0.409886
0.408274
0.409606
0.408141
0.407682
0.398788
0.397217
0.405465
0.392355
0.401202
0.395153
0.460925
0.381958
0.376518
0.370591
0.370462
0.364538
0.535904
0.488606
0.471574
0.452552
0.438256
0.425332
0.409206
0.399152
0.39512
0.390924
0.389054
0.384186
0.385567
0.380036
0.375921
0.370969
0.368501
0.36212
0.358893
0.358083
0.354196
0.348333
0.345347
0.342302
0.342187
0.339045
0.340608
0.338236
0.340669
0.335217
0.335825
0.33812
0.336281
0.332808
0.333863
0.328218
0.332543
0.332317
0.330061
0.325989
0.324018
0.326587
0.324097
0.325925
0.326253
0.324764
0.322703
0.321789
0.328938
0.323289
0.32404
0.323183
0.323698
0.324776
0.328172
0.324182
0.331984
0.320562
0.322196
0.323736
0.327692
0.331794
0.328964
0.332237
0.325365
0.322589
0.334569
0.328711
0.330228
0.32799
0.387186
0.351772
0.337087
0.344748
0.337981
0.34029
0.339581
0.322173
0.321742
0.321931
0.327282
0.322067
0.318207
0.445325
0.320839
0.32295
0.329789
0.328114
0.316657
0.320329
0.322355
0.317556
0.319289
0.321331
0.309738
0.312151
0.306541
0.309542
0.310888
0.325031
0.315876
0.316111
0.314435
0.305353
0.30847
0.308202
0.314262
0.315786
0.320117
0.306415
0.307583
0.304568
0.308883
0.316016
0.306826
0.309255
0.316145
0.31133
0.307601
0.30609
0.322793
0.301738
0.307563
0.315805
0.320811
0.326088
0.316214
0.326374
0.317113
0.322822
0.323673
0.317729
0.32554
0.322882
0.326422
0.324429
0.323498
0.321533
0.313583
0.318558
0.316496
0.320697
0.31369
0.310701
0.317732
0.310043
0.312962
0.315765
0.319574
0.324558
0.308386
0.317536
0.322109
0.318739
0.30864
0.30949
0.310752
0.305947
0.312898
0.315421
0.313742
0.314339
0.307694
0.31745
0.30598
0.305682
0.306356
0.313035
0.299918
0.303969
0.303894
0.30137
0.304499
0.304232
0.307133
0.303508
0.299953
0.302999
0.305321
0.303008
0.298975
0.30137
0.295169
0.307668
0.300846
0.297993
0.299286
0.295179
0.293167
0.294757
0.296627
0.291579
0.301804
0.303125
0.29751
0.298351
0.299865
0.294069
0.29144
0.292222
0.316049
0.299204
0.292158
0.294738
0.29225
0.292712
0.301491
0.297006
0.297243
0.302855
0.298932
0.298883
0.291579
